4095
4093
4046
4011
3966
3934
3902
3869
3835
3790
3758
3723
3677
3645
3614
3580
3533
3502
3469
3422
3390
3357
3310
3278
3245
3197
3164
3117
3086
3053
3021
2973
2941
2908
2862
2829
2797
2765
2718
2685
2654
2621
2587
2542
2509
2478
2446
2413
2381
2350
2318
2285
2253
2221
2189
2157
2126
2109
2077
2045
2015
1998
1967
1951
1918
1887
1871
1854
1823
1806
1775
1759
1741
1711
1695
1679
1661
1631
1615
1599
1583
1567
1551
1535
1519
1503
1487
1471
1455
1439
1422
1407
1391
1374
1360
1358
1342
1327
1311
1296
1295
1279
1263
1246
1232
1230
1215
1200
1199
1183
1167
1152
1151
1134
1118
1104
1102
1087
1072
1070
1055
1039
1024
1023
1007
992
991
975
958
943
928
926
911
896
895
879
863
848
847
831
816
815
799
784
782
767
752
751
735
720
719
704
703
687
672
671
656
655
639
624
622
608
607
592
591
575
560
559
544
543
528
527
512
511
496
494
480
479
464
463
448
447
431
416
415
400
399
384
383
368
367
352
350
336
335
320
320
319
304
303
288
287
272
271
256
255
240
240
239
224
223
208
208
207
192
191
176
176
175
160
160
159
144
144
142
128
128
126
112
112
112
111
96
96
95
80
80
80
80
79
64
64
64
63
48
48
48
48
47
32
32
32
31
10
10
0
